  -2.2302163e+00   1.1061196e+01   1.0000000e+00
   7.6219081e+00   1.0270076e+01   1.0000000e+00
  -4.1793278e+00  -5.8623093e+00   1.0000000e+00
  -7.1384047e+00   6.0607339e+00   1.0000000e+00
  -7.8295299e+00   3.8385707e+00   1.0000000e+00
   1.1033648e+01   6.2887302e+00   1.0000000e+00
  -2.3707965e+00   1.0994228e+01   1.0000000e+00
  -7.3062395e+00   5.6597687e+00   1.0000000e+00
  -7.8708367e+00   3.6020558e+00   1.0000000e+00
   2.8916184e+00   1.1960172e+01   1.0000000e+00
  -4.4816125e+00  -5.6150311e+00   1.0000000e+00
   6.6537385e+00  -6.8511422e+00   1.0000000e+00
  -2.8972485e+00  -6.7187704e+00   1.0000000e+00
   1.0558131e+01  -3.1728510e+00   1.0000000e+00
  -7.2798314e+00  -1.7262218e+00   1.0000000e+00
   9.6352810e+00  -4.4577461e+00   1.0000000e+00
  -7.8983583e+00   5.7785292e-01   1.0000000e+00
  -6.0073711e+00   7.9901593e+00   1.0000000e+00
  -6.3608302e+00   7.4860294e+00   1.0000000e+00
   6.7121051e+00   1.0820208e+01   1.0000000e+00
   6.6816084e+00   1.0836433e+01   1.0000000e+00
   4.3858812e+00   1.1711209e+01   1.0000000e+00
  -7.9163817e-01  -7.6024349e+00   1.0000000e+00
   5.3047838e+00  -7.4381356e+00   1.0000000e+00
   8.6305078e+00   9.4857442e+00   1.0000000e+00
   2.6534422e+00  -7.9786278e+00   1.0000000e+00
   1.1932408e+01   3.1607171e+00   1.0000000e+00
   1.1963267e+01   2.8563348e+00   1.0000000e+00
  -2.0514737e+00   1.1142514e+01   1.0000000e+00
   1.1958740e+01   1.0925283e+00   1.0000000e+00
  -5.9158462e+00  -4.1105956e+00   1.0000000e+00
  -7.3150752e+00   5.6372207e+00   1.0000000e+00
   7.8423368e+00   1.0115855e+01   1.0000000e+00
  -7.7502443e+00   4.2209763e+00   1.0000000e+00
  -1.1693896e-01  -7.7733602e+00   1.0000000e+00
   6.3781208e+00  -6.9906651e+00   1.0000000e+00
   1.1572074e+01   4.8940293e+00   1.0000000e+00
   5.4161423e-01  -7.8930840e+00   1.0000000e+00
   5.0257963e+00  -7.5312411e+00   1.0000000e+00
   2.3790616e-01   1.1843527e+01   1.0000000e+00
   6.8063269e+00  -6.7692201e+00   1.0000000e+00
   1.1527239e+01  -1.0383748e+00   1.0000000e+00
  -3.6543165e+00   1.0247952e+01   1.0000000e+00
   8.7537073e+00  -5.3747839e+00   1.0000000e+00
   7.0427075e+00   1.0635456e+01   1.0000000e+00
   4.5842148e+00  -7.6603227e+00   1.0000000e+00
   1.0629684e+01   7.0525789e+00   1.0000000e+00
  -4.9514059e+00   9.1887382e+00   1.0000000e+00
  -7.6068404e+00  -7.7643956e-01   1.0000000e+00
  -6.9631280e+00  -2.4342234e+00   1.0000000e+00
  -3.8563897e+00   5.8344100e+00   1.0000000e+00
   4.2637982e-01   8.8208298e+00   1.0000000e+00
  -2.7414444e+00   7.1496315e+00   1.0000000e+00
   5.4164078e-02   8.7241150e+00   1.0000000e+00
   8.9981514e+00   2.1608646e+00   1.0000000e+00
  -4.9112208e+00   8.8868244e-01   1.0000000e+00
   5.9052260e+00   7.8094070e+00   1.0000000e+00
  -3.0527662e+00  -2.8445385e+00   1.0000000e+00
   8.9999698e+00   1.9794516e+00   1.0000000e+00
  -1.4560583e+00   8.0873361e+00   1.0000000e+00
   7.3377854e+00   6.5285811e+00   1.0000000e+00
   5.9791799e+00   7.7590040e+00   1.0000000e+00
  -6.0148804e-01   8.4986352e+00   1.0000000e+00
  -3.8280936e+00   5.8772832e+00   1.0000000e+00
   8.5255695e+00  -5.3316845e-01   1.0000000e+00
   8.0133027e+00   5.5833212e+00   1.0000000e+00
  -8.7637604e-02  -4.6814496e+00   1.0000000e+00
   8.5505735e+00   4.4677898e+00   1.0000000e+00
  -8.4805525e-01   8.3944180e+00   1.0000000e+00
   8.7014402e+00   4.0225478e+00   1.0000000e+00
   7.9458355e+00   5.6941901e+00   1.0000000e+00
  -2.3289892e+00   7.5008956e+00   1.0000000e+00
   7.2081790e+00   6.6770581e+00   1.0000000e+00
   8.8855612e+00   3.2605741e+00   1.0000000e+00
   2.5164617e+00   8.9809217e+00   1.0000000e+00
   8.8010285e+00   3.6571092e+00   1.0000000e+00
   2.8216132e+00  -4.9516150e+00   1.0000000e+00
  -4.6342582e+00  -2.3307378e-01   1.0000000e+00
  -4.1118954e+00   5.4124383e+00   1.0000000e+00
  -4.9409454e+00   1.0926539e+00   1.0000000e+00
   7.4228557e+00   6.4263570e+00   1.0000000e+00
   4.1052994e+00  -4.6759055e+00   1.0000000e+00
   8.9163643e+00   3.0788445e+00   1.0000000e+00
  -2.8512446e+00   7.0463279e+00   1.0000000e+00
   2.7362545e+00  -4.9611730e+00   1.0000000e+00
  -4.8476415e+00   3.4525169e+00   1.0000000e+00
  -4.8078849e+00   3.7128799e-01   1.0000000e+00
  -2.5990256e+00  -3.2772117e+00   1.0000000e+00
   8.9818176e+00   1.4957950e+00   1.0000000e+00
   1.9477312e+00  -4.9998049e+00   1.0000000e+00
  -1.3404066e+00  -4.1515595e+00   1.0000000e+00
   1.9433504e+00  -4.9997708e+00   1.0000000e+00
  -2.0003610e+00  -3.7443113e+00   1.0000000e+00
  -1.4588640e+00  -4.0857423e+00   1.0000000e+00
   5.1346603e+00  -4.2589060e+00   1.0000000e+00
   4.5632267e+00   8.5138214e+00   1.0000000e+00
   3.6970153e+00  -4.7911810e+00   1.0000000e+00
   8.9462131e+00   2.8660969e+00   1.0000000e+00
   3.5627126e+00   8.8233371e+00   1.0000000e+00
   8.9999428e+00   1.9717033e+00   1.0000000e+00
   2.9087743e+00   6.9167194e+00   1.0000000e+00
   4.9645301e-02  -2.6039240e+00   1.0000000e+00
  -1.0674823e+00   5.9484873e+00   1.0000000e+00
   3.1269242e-01   6.7066966e+00   1.0000000e+00
   5.3806201e+00   5.6839392e+00   1.0000000e+00
   6.9579316e+00   1.3527639e+00   1.0000000e+00
  -2.6774339e+00   2.3319142e-01   1.0000000e+00
  -2.6032419e+00   3.9519642e+00   1.0000000e+00
   3.4337380e+00   6.7900308e+00   1.0000000e+00
   3.5919780e+00  -2.7397897e+00   1.0000000e+00
   1.2676204e+00  -2.9460712e+00   1.0000000e+00
  -1.6149248e+00  -1.4543189e+00   1.0000000e+00
   6.0973569e+00  -8.6560054e-01   1.0000000e+00
  -2.9984072e+00   2.1261941e+00   1.0000000e+00
  -1.8921280e+00  -1.1386843e+00   1.0000000e+00
  -2.8167498e+00   6.5876113e-01   1.0000000e+00
  -1.1719312e-01  -2.5296240e+00   1.0000000e+00
   3.8877571e+00   6.6299431e+00   1.0000000e+00
   3.4986127e+00   6.7701321e+00   1.0000000e+00
  -2.9607159e+00   1.3744622e+00   1.0000000e+00
   5.0276552e+00   5.9791084e+00   1.0000000e+00
   4.9003958e+00  -2.0728006e+00   1.0000000e+00
   6.2102448e+00   4.6970054e+00   1.0000000e+00
  -1.8689083e+00   5.1672620e+00   1.0000000e+00
   6.7437862e+00   3.5800293e+00   1.0000000e+00
   5.3571138e+00  -1.7053728e+00   1.0000000e+00
   6.9581011e+00   2.6459362e+00   1.0000000e+00
   6.5002911e+00  -1.7884831e-01   1.0000000e+00
   5.9523534e+00  -1.0624995e+00   1.0000000e+00
   2.2199325e+00  -2.9951606e+00   1.0000000e+00
  -1.8938446e+00   5.1365545e+00   1.0000000e+00
  -9.1838816e-03  -2.5785566e+00   1.0000000e+00
  -2.8747054e+00   8.8768402e-01   1.0000000e+00
  -1.1421581e-01  -2.5310144e+00   1.0000000e+00
   6.4082882e+00  -3.5944801e-01   1.0000000e+00
   1.1511610e+00  -2.9274205e+00   1.0000000e+00
  -1.1784733e+00  -1.8597030e+00   1.0000000e+00
   6.2086764e-01  -2.8060372e+00   1.0000000e+00
   1.2168136e+00  -2.9382810e+00   1.0000000e+00
   6.4342501e+00  -3.1028707e-01   1.0000000e+00
  -2.7316620e+00   3.8402523e-01   1.0000000e+00
   2.8053252e+00   6.9347190e+00   1.0000000e+00
   2.6759999e+00  -2.9540917e+00   1.0000000e+00
   6.9132081e+00   1.0724297e+00   1.0000000e+00
   1.3269976e+00  -2.9544997e+00   1.0000000e+00
   6.4426576e-01  -2.8126900e+00   1.0000000e+00
  -1.2935202e+00  -1.7620107e+00   1.0000000e+00
  -2.9988044e+00   2.1093359e+00   1.0000000e+00
   3.7101500e+00   6.6984452e+00   1.0000000e+00
  -6.2596409e-01   6.2549163e+00   1.0000000e+00
   0                 4              -1
   0                  0            -1
   4                 4             -1
   4                  0            -1
   -10               10             -1
   14                10             -1
   14                 -4            -1
   -10                -4            -1
   2                  2             -1
   